Dynamical matrix file
Phonons on a uniform q-grid                                                
  1    2   2  10.2000000   0.0000000   0.0000000   0.0000000   0.0000000   0.0000000
           1  'Si  '    25598.3672898282     
    1    1      0.0000000000      0.0000000000      0.0000000000
    2    1      0.2500000000      0.2500000000      0.2500000000

     Dynamical  Matrix in cartesian axes

     q = (    0.750000000  -0.250000000   0.750000000 ) 

    1    1
  0.26437622   0.00000000    -0.00721570   0.00843136     0.00703489   0.00000000
 -0.00721570  -0.00843136     0.31712196   0.00000000    -0.00721570  -0.00843136
  0.00703489   0.00000000    -0.00721570   0.00843136     0.26437622   0.00000000
    1    2
 -0.06403107   0.06528662    -0.04509961   0.04779868    -0.04560463  -0.14913768
 -0.04509961   0.04779868    -0.06206176   0.08373073    -0.04509961   0.04779868
 -0.04560463  -0.14913768    -0.04509961   0.04779868    -0.06403107   0.06528662
    2    1
 -0.06403107  -0.06528662    -0.04509961  -0.04779868    -0.04560463   0.14913768
 -0.04509961  -0.04779868    -0.06206176  -0.08373073    -0.04509961  -0.04779868
 -0.04560463   0.14913768    -0.04509961  -0.04779868    -0.06403107  -0.06528662
    2    2
  0.26437622   0.00000000    -0.00721570  -0.00843136     0.00703489   0.00000000
 -0.00721570   0.00843136     0.31712196   0.00000000    -0.00721570   0.00843136
  0.00703489   0.00000000    -0.00721570  -0.00843136     0.26437622   0.00000000

     Dynamical  Matrix in cartesian axes

     q = (    0.750000000  -0.250000000  -0.750000000 ) 

    1    1
  0.26437622   0.00000000    -0.00721570  -0.00843136    -0.00703489   0.00000000
 -0.00721570   0.00843136     0.31712196   0.00000000     0.00721570  -0.00843136
 -0.00703489   0.00000000     0.00721570   0.00843136     0.26437622   0.00000000
    1    2
 -0.06528662   0.06403107    -0.04779868   0.04509961    -0.14913768  -0.04560463
 -0.04779868   0.04509961    -0.08373073   0.06206176     0.04779868  -0.04509961
 -0.14913768  -0.04560463     0.04779868  -0.04509961    -0.06528662   0.06403107
    2    1
 -0.06528662  -0.06403107    -0.04779868  -0.04509961    -0.14913768   0.04560463
 -0.04779868  -0.04509961    -0.08373073  -0.06206176     0.04779868   0.04509961
 -0.14913768   0.04560463     0.04779868   0.04509961    -0.06528662  -0.06403107
    2    2
  0.26437622   0.00000000    -0.00721570   0.00843136    -0.00703489   0.00000000
 -0.00721570  -0.00843136     0.31712196   0.00000000     0.00721570   0.00843136
 -0.00703489   0.00000000     0.00721570  -0.00843136     0.26437622   0.00000000

     Dynamical  Matrix in cartesian axes

     q = (   -0.750000000  -0.250000000  -0.750000000 ) 

    1    1
  0.26437622   0.00000000     0.00721570  -0.00843136     0.00703489   0.00000000
  0.00721570   0.00843136     0.31712196   0.00000000     0.00721570   0.00843136
  0.00703489   0.00000000     0.00721570  -0.00843136     0.26437622   0.00000000
    1    2
  0.06528662   0.06403107    -0.04779868  -0.04509961    -0.14913768   0.04560463
 -0.04779868  -0.04509961     0.08373073   0.06206176    -0.04779868  -0.04509961
 -0.14913768   0.04560463    -0.04779868  -0.04509961     0.06528662   0.06403107
    2    1
  0.06528662  -0.06403107    -0.04779868   0.04509961    -0.14913768  -0.04560463
 -0.04779868   0.04509961     0.08373073  -0.06206176    -0.04779868   0.04509961
 -0.14913768  -0.04560463    -0.04779868   0.04509961     0.06528662  -0.06403107
    2    2
  0.26437622   0.00000000     0.00721570   0.00843136     0.00703489   0.00000000
  0.00721570  -0.00843136     0.31712196   0.00000000     0.00721570  -0.00843136
  0.00703489   0.00000000     0.00721570   0.00843136     0.26437622   0.00000000

     Dynamical  Matrix in cartesian axes

     q = (   -0.750000000  -0.250000000   0.750000000 ) 

    1    1
  0.26437622   0.00000000     0.00721570   0.00843136    -0.00703489   0.00000000
  0.00721570  -0.00843136     0.31712196   0.00000000    -0.00721570   0.00843136
 -0.00703489   0.00000000    -0.00721570  -0.00843136     0.26437622   0.00000000
    1    2
 -0.06528662   0.06403107     0.04779868  -0.04509961    -0.14913768  -0.04560463
  0.04779868  -0.04509961    -0.08373073   0.06206176    -0.04779868   0.04509961
 -0.14913768  -0.04560463    -0.04779868   0.04509961    -0.06528662   0.06403107
    2    1
 -0.06528662  -0.06403107     0.04779868   0.04509961    -0.14913768   0.04560463
  0.04779868   0.04509961    -0.08373073  -0.06206176    -0.04779868  -0.04509961
 -0.14913768   0.04560463    -0.04779868  -0.04509961    -0.06528662  -0.06403107
    2    2
  0.26437622   0.00000000     0.00721570  -0.00843136    -0.00703489   0.00000000
  0.00721570   0.00843136     0.31712196   0.00000000    -0.00721570  -0.00843136
 -0.00703489   0.00000000    -0.00721570   0.00843136     0.26437622   0.00000000

     Dynamical  Matrix in cartesian axes

     q = (   -0.750000000   0.250000000  -0.750000000 ) 

    1    1
  0.26437622   0.00000000    -0.00721570  -0.00843136     0.00703489   0.00000000
 -0.00721570   0.00843136     0.31712196   0.00000000    -0.00721570   0.00843136
  0.00703489   0.00000000    -0.00721570  -0.00843136     0.26437622   0.00000000
    1    2
 -0.06403107  -0.06528662    -0.04509961  -0.04779868    -0.04560463   0.14913768
 -0.04509961  -0.04779868    -0.06206176  -0.08373073    -0.04509961  -0.04779868
 -0.04560463   0.14913768    -0.04509961  -0.04779868    -0.06403107  -0.06528662
    2    1
 -0.06403107   0.06528662    -0.04509961   0.04779868    -0.04560463  -0.14913768
 -0.04509961   0.04779868    -0.06206176   0.08373073    -0.04509961   0.04779868
 -0.04560463  -0.14913768    -0.04509961   0.04779868    -0.06403107   0.06528662
    2    2
  0.26437622   0.00000000    -0.00721570   0.00843136     0.00703489   0.00000000
 -0.00721570  -0.00843136     0.31712196   0.00000000    -0.00721570  -0.00843136
  0.00703489   0.00000000    -0.00721570   0.00843136     0.26437622   0.00000000

     Dynamical  Matrix in cartesian axes

     q = (   -0.250000000   0.750000000  -0.750000000 ) 

    1    1
  0.31712196   0.00000000    -0.00721570   0.00843136     0.00721570  -0.00843136
 -0.00721570  -0.00843136     0.26437622   0.00000000    -0.00703489   0.00000000
  0.00721570   0.00843136    -0.00703489   0.00000000     0.26437622   0.00000000
    1    2
 -0.08373073   0.06206176    -0.04779868   0.04509961     0.04779868  -0.04509961
 -0.04779868   0.04509961    -0.06528662   0.06403107    -0.14913768  -0.04560463
  0.04779868  -0.04509961    -0.14913768  -0.04560463    -0.06528662   0.06403107
    2    1
 -0.08373073  -0.06206176    -0.04779868  -0.04509961     0.04779868   0.04509961
 -0.04779868  -0.04509961    -0.06528662  -0.06403107    -0.14913768   0.04560463
  0.04779868   0.04509961    -0.14913768   0.04560463    -0.06528662  -0.06403107
    2    2
  0.31712196   0.00000000    -0.00721570  -0.00843136     0.00721570   0.00843136
 -0.00721570   0.00843136     0.26437622   0.00000000    -0.00703489   0.00000000
  0.00721570  -0.00843136    -0.00703489   0.00000000     0.26437622   0.00000000

     Dynamical  Matrix in cartesian axes

     q = (   -0.750000000   0.750000000  -0.250000000 ) 

    1    1
  0.26437622   0.00000000    -0.00703489   0.00000000     0.00721570   0.00843136
 -0.00703489   0.00000000     0.26437622   0.00000000    -0.00721570  -0.00843136
  0.00721570  -0.00843136    -0.00721570   0.00843136     0.31712196   0.00000000
    1    2
 -0.06528662   0.06403107    -0.14913768  -0.04560463     0.04779868  -0.04509961
 -0.14913768  -0.04560463    -0.06528662   0.06403107    -0.04779868   0.04509961
  0.04779868  -0.04509961    -0.04779868   0.04509961    -0.08373073   0.06206176
    2    1
 -0.06528662  -0.06403107    -0.14913768   0.04560463     0.04779868   0.04509961
 -0.14913768   0.04560463    -0.06528662  -0.06403107    -0.04779868  -0.04509961
  0.04779868   0.04509961    -0.04779868  -0.04509961    -0.08373073  -0.06206176
    2    2
  0.26437622   0.00000000    -0.00703489   0.00000000     0.00721570  -0.00843136
 -0.00703489   0.00000000     0.26437622   0.00000000    -0.00721570   0.00843136
  0.00721570   0.00843136    -0.00721570  -0.00843136     0.31712196   0.00000000

     Dynamical  Matrix in cartesian axes

     q = (    0.750000000   0.250000000   0.750000000 ) 

    1    1
  0.26437622   0.00000000     0.00721570   0.00843136     0.00703489   0.00000000
  0.00721570  -0.00843136     0.31712196   0.00000000     0.00721570  -0.00843136
  0.00703489   0.00000000     0.00721570   0.00843136     0.26437622   0.00000000
    1    2
  0.06528662  -0.06403107    -0.04779868   0.04509961    -0.14913768  -0.04560463
 -0.04779868   0.04509961     0.08373073  -0.06206176    -0.04779868   0.04509961
 -0.14913768  -0.04560463    -0.04779868   0.04509961     0.06528662  -0.06403107
    2    1
  0.06528662   0.06403107    -0.04779868  -0.04509961    -0.14913768   0.04560463
 -0.04779868  -0.04509961     0.08373073   0.06206176    -0.04779868  -0.04509961
 -0.14913768   0.04560463    -0.04779868  -0.04509961     0.06528662   0.06403107
    2    2
  0.26437622   0.00000000     0.00721570  -0.00843136     0.00703489   0.00000000
  0.00721570   0.00843136     0.31712196   0.00000000     0.00721570   0.00843136
  0.00703489   0.00000000     0.00721570  -0.00843136     0.26437622   0.00000000

     Dynamical  Matrix in cartesian axes

     q = (   -0.750000000   0.250000000   0.750000000 ) 

    1    1
  0.26437622   0.00000000    -0.00721570   0.00843136    -0.00703489   0.00000000
 -0.00721570  -0.00843136     0.31712196   0.00000000     0.00721570   0.00843136
 -0.00703489   0.00000000     0.00721570  -0.00843136     0.26437622   0.00000000
    1    2
 -0.06528662  -0.06403107    -0.04779868  -0.04509961    -0.14913768   0.04560463
 -0.04779868  -0.04509961    -0.08373073  -0.06206176     0.04779868   0.04509961
 -0.14913768   0.04560463     0.04779868   0.04509961    -0.06528662  -0.06403107
    2    1
 -0.06528662   0.06403107    -0.04779868   0.04509961    -0.14913768  -0.04560463
 -0.04779868   0.04509961    -0.08373073   0.06206176     0.04779868  -0.04509961
 -0.14913768  -0.04560463     0.04779868  -0.04509961    -0.06528662   0.06403107
    2    2
  0.26437622   0.00000000    -0.00721570  -0.00843136    -0.00703489   0.00000000
 -0.00721570   0.00843136     0.31712196   0.00000000     0.00721570  -0.00843136
 -0.00703489   0.00000000     0.00721570   0.00843136     0.26437622   0.00000000

     Dynamical  Matrix in cartesian axes

     q = (    0.750000000   0.250000000  -0.750000000 ) 

    1    1
  0.26437622   0.00000000     0.00721570  -0.00843136    -0.00703489   0.00000000
  0.00721570   0.00843136     0.31712196   0.00000000    -0.00721570  -0.00843136
 -0.00703489   0.00000000    -0.00721570   0.00843136     0.26437622   0.00000000
    1    2
 -0.06528662  -0.06403107     0.04779868   0.04509961    -0.14913768   0.04560463
  0.04779868   0.04509961    -0.08373073  -0.06206176    -0.04779868  -0.04509961
 -0.14913768   0.04560463    -0.04779868  -0.04509961    -0.06528662  -0.06403107
    2    1
 -0.06528662   0.06403107     0.04779868  -0.04509961    -0.14913768  -0.04560463
  0.04779868  -0.04509961    -0.08373073   0.06206176    -0.04779868   0.04509961
 -0.14913768  -0.04560463    -0.04779868   0.04509961    -0.06528662   0.06403107
    2    2
  0.26437622   0.00000000     0.00721570   0.00843136    -0.00703489   0.00000000
  0.00721570  -0.00843136     0.31712196   0.00000000    -0.00721570   0.00843136
 -0.00703489   0.00000000    -0.00721570  -0.00843136     0.26437622   0.00000000

     Dynamical  Matrix in cartesian axes

     q = (   -0.750000000   0.750000000   0.250000000 ) 

    1    1
  0.26437622   0.00000000    -0.00703489   0.00000000    -0.00721570   0.00843136
 -0.00703489   0.00000000     0.26437622   0.00000000     0.00721570  -0.00843136
 -0.00721570  -0.00843136     0.00721570   0.00843136     0.31712196   0.00000000
    1    2
 -0.06528662  -0.06403107    -0.14913768   0.04560463    -0.04779868  -0.04509961
 -0.14913768   0.04560463    -0.06528662  -0.06403107     0.04779868   0.04509961
 -0.04779868  -0.04509961     0.04779868   0.04509961    -0.08373073  -0.06206176
    2    1
 -0.06528662   0.06403107    -0.14913768  -0.04560463    -0.04779868   0.04509961
 -0.14913768  -0.04560463    -0.06528662   0.06403107     0.04779868  -0.04509961
 -0.04779868   0.04509961     0.04779868  -0.04509961    -0.08373073   0.06206176
    2    2
  0.26437622   0.00000000    -0.00703489   0.00000000    -0.00721570  -0.00843136
 -0.00703489   0.00000000     0.26437622   0.00000000     0.00721570   0.00843136
 -0.00721570   0.00843136     0.00721570  -0.00843136     0.31712196   0.00000000

     Dynamical  Matrix in cartesian axes

     q = (   -0.250000000   0.750000000   0.750000000 ) 

    1    1
  0.31712196   0.00000000    -0.00721570  -0.00843136    -0.00721570  -0.00843136
 -0.00721570   0.00843136     0.26437622   0.00000000     0.00703489   0.00000000
 -0.00721570   0.00843136     0.00703489   0.00000000     0.26437622   0.00000000
    1    2
 -0.06206176   0.08373073    -0.04509961   0.04779868    -0.04509961   0.04779868
 -0.04509961   0.04779868    -0.06403107   0.06528662    -0.04560463  -0.14913768
 -0.04509961   0.04779868    -0.04560463  -0.14913768    -0.06403107   0.06528662
    2    1
 -0.06206176  -0.08373073    -0.04509961  -0.04779868    -0.04509961  -0.04779868
 -0.04509961  -0.04779868    -0.06403107  -0.06528662    -0.04560463   0.14913768
 -0.04509961  -0.04779868    -0.04560463   0.14913768    -0.06403107  -0.06528662
    2    2
  0.31712196   0.00000000    -0.00721570   0.00843136    -0.00721570   0.00843136
 -0.00721570  -0.00843136     0.26437622   0.00000000     0.00703489   0.00000000
 -0.00721570  -0.00843136     0.00703489   0.00000000     0.26437622   0.00000000

     Dynamical  Matrix in cartesian axes

     q = (    0.250000000   0.750000000  -0.750000000 ) 

    1    1
  0.31712196   0.00000000     0.00721570   0.00843136    -0.00721570  -0.00843136
  0.00721570  -0.00843136     0.26437622   0.00000000    -0.00703489   0.00000000
 -0.00721570   0.00843136    -0.00703489   0.00000000     0.26437622   0.00000000
    1    2
 -0.08373073  -0.06206176     0.04779868   0.04509961    -0.04779868  -0.04509961
  0.04779868   0.04509961    -0.06528662  -0.06403107    -0.14913768   0.04560463
 -0.04779868  -0.04509961    -0.14913768   0.04560463    -0.06528662  -0.06403107
    2    1
 -0.08373073   0.06206176     0.04779868  -0.04509961    -0.04779868   0.04509961
  0.04779868  -0.04509961    -0.06528662   0.06403107    -0.14913768  -0.04560463
 -0.04779868   0.04509961    -0.14913768  -0.04560463    -0.06528662   0.06403107
    2    2
  0.31712196   0.00000000     0.00721570  -0.00843136    -0.00721570   0.00843136
  0.00721570   0.00843136     0.26437622   0.00000000    -0.00703489   0.00000000
 -0.00721570  -0.00843136    -0.00703489   0.00000000     0.26437622   0.00000000

     Dynamical  Matrix in cartesian axes

     q = (   -0.250000000  -0.750000000  -0.750000000 ) 

    1    1
  0.31712196   0.00000000     0.00721570   0.00843136     0.00721570   0.00843136
  0.00721570  -0.00843136     0.26437622   0.00000000     0.00703489   0.00000000
  0.00721570  -0.00843136     0.00703489   0.00000000     0.26437622   0.00000000
    1    2
  0.08373073   0.06206176    -0.04779868  -0.04509961    -0.04779868  -0.04509961
 -0.04779868  -0.04509961     0.06528662   0.06403107    -0.14913768   0.04560463
 -0.04779868  -0.04509961    -0.14913768   0.04560463     0.06528662   0.06403107
    2    1
  0.08373073  -0.06206176    -0.04779868   0.04509961    -0.04779868   0.04509961
 -0.04779868   0.04509961     0.06528662  -0.06403107    -0.14913768  -0.04560463
 -0.04779868   0.04509961    -0.14913768  -0.04560463     0.06528662  -0.06403107
    2    2
  0.31712196   0.00000000     0.00721570  -0.00843136     0.00721570  -0.00843136
  0.00721570   0.00843136     0.26437622   0.00000000     0.00703489   0.00000000
  0.00721570   0.00843136     0.00703489   0.00000000     0.26437622   0.00000000

     Dynamical  Matrix in cartesian axes

     q = (    0.750000000   0.750000000  -0.250000000 ) 

    1    1
  0.26437622   0.00000000     0.00703489   0.00000000    -0.00721570   0.00843136
  0.00703489   0.00000000     0.26437622   0.00000000    -0.00721570   0.00843136
 -0.00721570  -0.00843136    -0.00721570  -0.00843136     0.31712196   0.00000000
    1    2
 -0.06403107   0.06528662    -0.04560463  -0.14913768    -0.04509961   0.04779868
 -0.04560463  -0.14913768    -0.06403107   0.06528662    -0.04509961   0.04779868
 -0.04509961   0.04779868    -0.04509961   0.04779868    -0.06206176   0.08373073
    2    1
 -0.06403107  -0.06528662    -0.04560463   0.14913768    -0.04509961  -0.04779868
 -0.04560463   0.14913768    -0.06403107  -0.06528662    -0.04509961  -0.04779868
 -0.04509961  -0.04779868    -0.04509961  -0.04779868    -0.06206176  -0.08373073
    2    2
  0.26437622   0.00000000     0.00703489   0.00000000    -0.00721570  -0.00843136
  0.00703489   0.00000000     0.26437622   0.00000000    -0.00721570  -0.00843136
 -0.00721570   0.00843136    -0.00721570   0.00843136     0.31712196   0.00000000

     Dynamical  Matrix in cartesian axes

     q = (    0.750000000  -0.750000000   0.250000000 ) 

    1    1
  0.26437622   0.00000000    -0.00703489   0.00000000     0.00721570  -0.00843136
 -0.00703489   0.00000000     0.26437622   0.00000000    -0.00721570   0.00843136
  0.00721570   0.00843136    -0.00721570  -0.00843136     0.31712196   0.00000000
    1    2
 -0.06528662  -0.06403107    -0.14913768   0.04560463     0.04779868   0.04509961
 -0.14913768   0.04560463    -0.06528662  -0.06403107    -0.04779868  -0.04509961
  0.04779868   0.04509961    -0.04779868  -0.04509961    -0.08373073  -0.06206176
    2    1
 -0.06528662   0.06403107    -0.14913768  -0.04560463     0.04779868  -0.04509961
 -0.14913768  -0.04560463    -0.06528662   0.06403107    -0.04779868   0.04509961
  0.04779868  -0.04509961    -0.04779868   0.04509961    -0.08373073   0.06206176
    2    2
  0.26437622   0.00000000    -0.00703489   0.00000000     0.00721570   0.00843136
 -0.00703489   0.00000000     0.26437622   0.00000000    -0.00721570  -0.00843136
  0.00721570  -0.00843136    -0.00721570   0.00843136     0.31712196   0.00000000

     Dynamical  Matrix in cartesian axes

     q = (   -0.750000000  -0.750000000  -0.250000000 ) 

    1    1
  0.26437622   0.00000000     0.00703489   0.00000000     0.00721570  -0.00843136
  0.00703489   0.00000000     0.26437622   0.00000000     0.00721570  -0.00843136
  0.00721570   0.00843136     0.00721570   0.00843136     0.31712196   0.00000000
    1    2
  0.06528662   0.06403107    -0.14913768   0.04560463    -0.04779868  -0.04509961
 -0.14913768   0.04560463     0.06528662   0.06403107    -0.04779868  -0.04509961
 -0.04779868  -0.04509961    -0.04779868  -0.04509961     0.08373073   0.06206176
    2    1
  0.06528662  -0.06403107    -0.14913768  -0.04560463    -0.04779868   0.04509961
 -0.14913768  -0.04560463     0.06528662  -0.06403107    -0.04779868   0.04509961
 -0.04779868   0.04509961    -0.04779868   0.04509961     0.08373073  -0.06206176
    2    2
  0.26437622   0.00000000     0.00703489   0.00000000     0.00721570   0.00843136
  0.00703489   0.00000000     0.26437622   0.00000000     0.00721570   0.00843136
  0.00721570  -0.00843136     0.00721570  -0.00843136     0.31712196   0.00000000

     Dynamical  Matrix in cartesian axes

     q = (    0.250000000  -0.750000000   0.750000000 ) 

    1    1
  0.31712196   0.00000000    -0.00721570  -0.00843136     0.00721570   0.00843136
 -0.00721570   0.00843136     0.26437622   0.00000000    -0.00703489   0.00000000
  0.00721570  -0.00843136    -0.00703489   0.00000000     0.26437622   0.00000000
    1    2
 -0.08373073  -0.06206176    -0.04779868  -0.04509961     0.04779868   0.04509961
 -0.04779868  -0.04509961    -0.06528662  -0.06403107    -0.14913768   0.04560463
  0.04779868   0.04509961    -0.14913768   0.04560463    -0.06528662  -0.06403107
    2    1
 -0.08373073   0.06206176    -0.04779868   0.04509961     0.04779868  -0.04509961
 -0.04779868   0.04509961    -0.06528662   0.06403107    -0.14913768  -0.04560463
  0.04779868  -0.04509961    -0.14913768  -0.04560463    -0.06528662   0.06403107
    2    2
  0.31712196   0.00000000    -0.00721570   0.00843136     0.00721570  -0.00843136
 -0.00721570  -0.00843136     0.26437622   0.00000000    -0.00703489   0.00000000
  0.00721570   0.00843136    -0.00703489   0.00000000     0.26437622   0.00000000

     Dynamical  Matrix in cartesian axes

     q = (   -0.750000000  -0.750000000   0.250000000 ) 

    1    1
  0.26437622   0.00000000     0.00703489   0.00000000    -0.00721570  -0.00843136
  0.00703489   0.00000000     0.26437622   0.00000000    -0.00721570  -0.00843136
 -0.00721570   0.00843136    -0.00721570   0.00843136     0.31712196   0.00000000
    1    2
 -0.06403107  -0.06528662    -0.04560463   0.14913768    -0.04509961  -0.04779868
 -0.04560463   0.14913768    -0.06403107  -0.06528662    -0.04509961  -0.04779868
 -0.04509961  -0.04779868    -0.04509961  -0.04779868    -0.06206176  -0.08373073
    2    1
 -0.06403107   0.06528662    -0.04560463  -0.14913768    -0.04509961   0.04779868
 -0.04560463  -0.14913768    -0.06403107   0.06528662    -0.04509961   0.04779868
 -0.04509961   0.04779868    -0.04509961   0.04779868    -0.06206176   0.08373073
    2    2
  0.26437622   0.00000000     0.00703489   0.00000000    -0.00721570   0.00843136
  0.00703489   0.00000000     0.26437622   0.00000000    -0.00721570   0.00843136
 -0.00721570  -0.00843136    -0.00721570  -0.00843136     0.31712196   0.00000000

     Dynamical  Matrix in cartesian axes

     q = (    0.250000000   0.750000000   0.750000000 ) 

    1    1
  0.31712196   0.00000000     0.00721570  -0.00843136     0.00721570  -0.00843136
  0.00721570   0.00843136     0.26437622   0.00000000     0.00703489   0.00000000
  0.00721570   0.00843136     0.00703489   0.00000000     0.26437622   0.00000000
    1    2
  0.08373073  -0.06206176    -0.04779868   0.04509961    -0.04779868   0.04509961
 -0.04779868   0.04509961     0.06528662  -0.06403107    -0.14913768  -0.04560463
 -0.04779868   0.04509961    -0.14913768  -0.04560463     0.06528662  -0.06403107
    2    1
  0.08373073   0.06206176    -0.04779868  -0.04509961    -0.04779868  -0.04509961
 -0.04779868  -0.04509961     0.06528662   0.06403107    -0.14913768   0.04560463
 -0.04779868  -0.04509961    -0.14913768   0.04560463     0.06528662   0.06403107
    2    2
  0.31712196   0.00000000     0.00721570   0.00843136     0.00721570   0.00843136
  0.00721570  -0.00843136     0.26437622   0.00000000     0.00703489   0.00000000
  0.00721570  -0.00843136     0.00703489   0.00000000     0.26437622   0.00000000

     Dynamical  Matrix in cartesian axes

     q = (   -0.250000000  -0.750000000   0.750000000 ) 

    1    1
  0.31712196   0.00000000     0.00721570  -0.00843136    -0.00721570   0.00843136
  0.00721570   0.00843136     0.26437622   0.00000000    -0.00703489   0.00000000
 -0.00721570  -0.00843136    -0.00703489   0.00000000     0.26437622   0.00000000
    1    2
 -0.08373073   0.06206176     0.04779868  -0.04509961    -0.04779868   0.04509961
  0.04779868  -0.04509961    -0.06528662   0.06403107    -0.14913768  -0.04560463
 -0.04779868   0.04509961    -0.14913768  -0.04560463    -0.06528662   0.06403107
    2    1
 -0.08373073  -0.06206176     0.04779868   0.04509961    -0.04779868  -0.04509961
  0.04779868   0.04509961    -0.06528662  -0.06403107    -0.14913768   0.04560463
 -0.04779868  -0.04509961    -0.14913768   0.04560463    -0.06528662  -0.06403107
    2    2
  0.31712196   0.00000000     0.00721570   0.00843136    -0.00721570  -0.00843136
  0.00721570  -0.00843136     0.26437622   0.00000000    -0.00703489   0.00000000
 -0.00721570   0.00843136    -0.00703489   0.00000000     0.26437622   0.00000000

     Dynamical  Matrix in cartesian axes

     q = (    0.750000000   0.750000000   0.250000000 ) 

    1    1
  0.26437622   0.00000000     0.00703489   0.00000000     0.00721570   0.00843136
  0.00703489   0.00000000     0.26437622   0.00000000     0.00721570   0.00843136
  0.00721570  -0.00843136     0.00721570  -0.00843136     0.31712196   0.00000000
    1    2
  0.06528662  -0.06403107    -0.14913768  -0.04560463    -0.04779868   0.04509961
 -0.14913768  -0.04560463     0.06528662  -0.06403107    -0.04779868   0.04509961
 -0.04779868   0.04509961    -0.04779868   0.04509961     0.08373073  -0.06206176
    2    1
  0.06528662   0.06403107    -0.14913768   0.04560463    -0.04779868  -0.04509961
 -0.14913768   0.04560463     0.06528662   0.06403107    -0.04779868  -0.04509961
 -0.04779868  -0.04509961    -0.04779868  -0.04509961     0.08373073   0.06206176
    2    2
  0.26437622   0.00000000     0.00703489   0.00000000     0.00721570  -0.00843136
  0.00703489   0.00000000     0.26437622   0.00000000     0.00721570  -0.00843136
  0.00721570   0.00843136     0.00721570   0.00843136     0.31712196   0.00000000

     Dynamical  Matrix in cartesian axes

     q = (    0.250000000  -0.750000000  -0.750000000 ) 

    1    1
  0.31712196   0.00000000    -0.00721570   0.00843136    -0.00721570   0.00843136
 -0.00721570  -0.00843136     0.26437622   0.00000000     0.00703489   0.00000000
 -0.00721570  -0.00843136     0.00703489   0.00000000     0.26437622   0.00000000
    1    2
 -0.06206176  -0.08373073    -0.04509961  -0.04779868    -0.04509961  -0.04779868
 -0.04509961  -0.04779868    -0.06403107  -0.06528662    -0.04560463   0.14913768
 -0.04509961  -0.04779868    -0.04560463   0.14913768    -0.06403107  -0.06528662
    2    1
 -0.06206176   0.08373073    -0.04509961   0.04779868    -0.04509961   0.04779868
 -0.04509961   0.04779868    -0.06403107   0.06528662    -0.04560463  -0.14913768
 -0.04509961   0.04779868    -0.04560463  -0.14913768    -0.06403107   0.06528662
    2    2
  0.31712196   0.00000000    -0.00721570  -0.00843136    -0.00721570  -0.00843136
 -0.00721570   0.00843136     0.26437622   0.00000000     0.00703489   0.00000000
 -0.00721570   0.00843136     0.00703489   0.00000000     0.26437622   0.00000000

     Dynamical  Matrix in cartesian axes

     q = (    0.750000000  -0.750000000  -0.250000000 ) 

    1    1
  0.26437622   0.00000000    -0.00703489   0.00000000    -0.00721570  -0.00843136
 -0.00703489   0.00000000     0.26437622   0.00000000     0.00721570   0.00843136
 -0.00721570   0.00843136     0.00721570  -0.00843136     0.31712196   0.00000000
    1    2
 -0.06528662   0.06403107    -0.14913768  -0.04560463    -0.04779868   0.04509961
 -0.14913768  -0.04560463    -0.06528662   0.06403107     0.04779868  -0.04509961
 -0.04779868   0.04509961     0.04779868  -0.04509961    -0.08373073   0.06206176
    2    1
 -0.06528662  -0.06403107    -0.14913768   0.04560463    -0.04779868  -0.04509961
 -0.14913768   0.04560463    -0.06528662  -0.06403107     0.04779868   0.04509961
 -0.04779868  -0.04509961     0.04779868   0.04509961    -0.08373073  -0.06206176
    2    2
  0.26437622   0.00000000    -0.00703489   0.00000000    -0.00721570   0.00843136
 -0.00703489   0.00000000     0.26437622   0.00000000     0.00721570  -0.00843136
 -0.00721570  -0.00843136     0.00721570   0.00843136     0.31712196   0.00000000

     Diagonalizing the dynamical matrix

     q = (    0.750000000  -0.250000000   0.750000000 ) 

 **************************************************************************
     freq (    1) =       4.220344 [THz] =     140.775539 [cm-1]
 (  0.042809 -0.498164  0.000000 -0.000000 -0.042809  0.498164 ) 
 (  0.500000 -0.000000  0.000000  0.000000 -0.500000  0.000000 ) 
     freq (    2) =       5.983729 [THz] =     199.595714 [cm-1]
 ( -0.387331 -0.171272 -0.343672  0.152218 -0.387331 -0.171272 ) 
 ( -0.423509  0.000000 -0.252756 -0.278200 -0.423509  0.000000 ) 
     freq (    3) =       9.667723 [THz] =     322.480535 [cm-1]
 (  0.129118 -0.282575  0.364673  0.417102  0.129118 -0.282575 ) 
 ( -0.310677  0.000000  0.227814  0.505035 -0.310677  0.000000 ) 
     freq (    4) =      12.536101 [THz] =     418.159326 [cm-1]
 (  0.051257  0.312090 -0.402018 -0.371923  0.051257  0.312090 ) 
 ( -0.316271  0.000000  0.432160  0.336427 -0.316271  0.000000 ) 
     freq (    5) =      14.134990 [THz] =     471.492511 [cm-1]
 (  0.042809 -0.498164 -0.000000  0.000000 -0.042809  0.498164 ) 
 ( -0.500000 -0.000000  0.000000  0.000000  0.500000  0.000000 ) 
     freq (    6) =      14.534204 [THz] =     484.808849 [cm-1]
 ( -0.305770 -0.174922 -0.452495  0.216939 -0.305770 -0.174922 ) 
 (  0.352268  0.000000  0.285044  0.412994  0.352268  0.000000 ) 
 **************************************************************************
